13227;1254351;
308718;
12854;
23899;
19932;
35696;
1979874;
1704464;
127400;
13227;
35668;
972569;
123467;166132;962527;
13227;
23779;
1874451;
279175;
1995603;
304812;1579308;1579310;
14563;1445654;
35696;
35331;
1522485;
86860;
303920;
591833;
6556;
1372982;
309872;
13879;
279516;
28630;
23779;
310298;
28606;
1254351;
308714;
72522;
19932;
3232;
7004;
243192;
1705245;
72522;
870883;
32136;
728863;
32136;
148346;
225326;
3232;
13227;
40549;
1318719;
22023;
38317;
242402;
31676;
22924;376261;
26249;
3392;
25552;
10454;
40329;1815869;
15684;
31603;1601799;
1318717;
17911;
15684;
1519595;
33727;
38317;
870883;
13879;21223;
41004;
7412;
86022;
86022;
14432;
1704973;
1522485;
31676;
15295;
14898;
21212;
28630;
26156;26162;
770740;
3402;
12939;
243192;
31705;
33413;
700164;
15295;
206416;
17710;
12924;
1771;
1875856;
14939;
18966;
33554;
37638;
3402;
40112;
13832;
7090;
6556;
1519595;
35711;
728873;
9924;
28908;
84201;
31603;
7017;
32594;
208973;
21920;
2771;
15677;
35736;
1703485;
1522485;
9221;
1375516;
1376997;
3280;
14898;
13227;
700307;
17397;
12931;
28959;
162772;
23810;
27908;
13162;
1617;
86222;
41366;
35191;
939835;
1617;
225326;
28953;
3364;
10454;
37638;
21970;
21920;
7004;
21213;
25552;
6684;
16320;
2771;
3209;
2844;
3451;
3286;
12798;
3211;
3451;
21576;
3280;
12930;
597421;
8203;
699493;
32081;
34760;
38720;38785;
567415;
28953;
310367;
33727;
1177206;
1992;
596260;
86860;
13227;
127400;
772162;
567415;
1277078;
279516;
1372981;
30842;
439994;
2482;
22924;
26879;
2508;
2932;
687130;
34760;
13832;
20924;
38760;
40549;
7021;
206415;
1509547;
31617;1959616;
2062;
42402;
42890;
3015;
5064;
596260;
17973;
33607;
1645;
31428;
34255;
2932;
17951;
1602245;
309989;
599278;
178555;1541159;
947608;
3075;
9871;
40615;
34595;
163712;
16018;
3364;
1177221;
3204;
7732;
28606;
26249;
28621;
1812630;
38720;38785;
596577;
12929;
38128;
3289;
3308;
15688;
31253;
38734;
1566391;
11806;
12893;
16327;
20616;
28908;
17082;
38323;
1992;
17977;
13343;
31958;
34140;220903;
1413;
38734;
1698401;
719519;
376196;
543421;
28948;
31960;
243051;
26162;
950580;
376565;
7090;
27479;
1522485;
2932;
14264;
182638;
35711;
2482;
310255;
42402;
6353;
35696;
979;
3289;
960273;
29252;
12931;12933;
35130;
9924;
34289;
7271;
35339;
972569;
22634;
33413;
1869;
2556;3233;
5367;
3211;
43054;
3448;
309049;
600508;
1975;
25249;
5391;
38128;
702263;
12868;
20242;
12929;
35692;
242209;
39859;
5390;
11202;
17436;
29254;
42479;
244994;982459;
9905;
12939;
308779;1874964;
30015;
3195;
12798;
40577;
4630;
12929;
28952;
43047;
3289;
302821;
137137;
2934;
4745;
7974;
32433;
3394;
85387;
35701;
12170;
34354;
40291;
1519302;
3701;
440039;
600137;
34140;
2772;
684192;
6353;
19592;
20592;
36753;
63146;
242402;
1508748;
42397;
1511576;
16018;
38836;
1522485;
8857;376259;
718338;
10360;
19236;
21969;
1569452;
3286;
9074;
14417;
28959;
32712;
34428;1533693;
32177;
32447;
34424;
12854;
22947;
1644;
18320;
1519302;
40616;
162518;
23545;
27415;
27908;
677620;
12931;
599566;
15688;