1855923,24779,5.057017876558194E-6
1855923,17337,4.518119919938915E-6
1855923,220781,6.244815502130002E-6
1855923,1854600,0.006993006993006993
1855923,40669,6.512154937190266E-6
1855923,600138,1.4418404805365954E-6
1855923,15780,1.1030697327592958E-6
1855923,3005156,7.429420505200594E-4
1855923,9219,7.419663592452718E-6
1855923,266617,6.506180871828237E-4
1855923,2003942,7.5486510560562825E-6
1855923,79380,8.336112037345781E-5
1855923,229664,3.7377728106930206E-6
1855923,162429,1.1002149086454888E-5
1855923,237553,1.3546923155078402E-5
1855923,229671,3.250763929523438E-6
1855923,1689985,2.35094978371262E-6
1855923,2919007,1.1974972307876538E-4
1855923,750857,0.003883495145631068
1855923,85080,2.603895427559629E-5
1855923,9789,2.5716857400025716E-4
1855923,36857,6.587615283267457E-4
1855923,36859,6.314127861089187E-6
1855923,3064673,4.5004500450045E-4
1855923,1442164,7.199424046076314E-4
1855923,205653,1.5109802937950084E-6
1855923,39082,2.7324857422797518E-5
1855923,1883254,6.16180910715386E-6
1855923,1837681,0.05555555555555555
1855923,1149880,8.27084252315836E-5
1855923,1705960,3.109549426288131E-5
1855923,36572,2.5904051393637967E-5
1855923,1710031,5.371434710211097E-6
1855923,1842176,9.233610341643582E-4
1855923,2674422,8.396305625524769E-4
1855923,19569,2.2172949002217295E-4
1855923,1151254,3.356369214039021E-6
1855923,14544,2.7695077200027697E-5
1855923,1963101,7.695267410542516E-5
1855923,772,1.7187446289230346E-4
1855923,1623416,2.029467873523562E-5
1855923,7634,5.087316150753457E-7
1855923,1968762,0.034482758620689655
1855923,768,3.085086690936015E-6
1855923,769,7.256025221943671E-6
1855923,86418,5.60585722386178E-7
1855923,85584,7.695267410542516E-5
1855923,240620,3.6310820624546115E-4
1855923,1283195,5.056378621631188E-6
1855923,680022,4.120805535065995E-6
1855923,427861,4.218519299725796E-5
1855923,150103,1.0027575833542242E-5
1855923,266215,6.83526999316473E-4
1855923,22885,1.2923845593647153E-6
1855923,36776,3.3344448149383126E-4
1855923,679058,6.13489405037975E-6
1855923,26344,5.309913076722934E-6
1855923,25255,3.833951558022064E-6
1855923,8073,1.1502846954621269E-4
1855923,266292,0.0011363636363636363
1855923,30657,2.5074596925854416E-5
1855923,2518,4.618457666062418E-6
1855923,36243,9.530162965786715E-5
1855923,1837619,0.0027397260273972603
1855923,31845,3.0901393652853744E-5
1855923,19050,5.521811154058532E-4
1855923,30761,6.134028523232633E-5
1855923,3062,2.3469363327805515E-7
1855923,8100,8.748095102291476E-6
1855923,162326,7.74232309953066E-6
1855923,30705,7.428666232502395E-7
1855923,7320,4.911518985476638E-6
1855923,430054,5.375505969499379E-6
1855923,26591,4.693117074498541E-6
1855923,1531719,2.0381127076327322E-4
1855923,684336,8.362742310458446E-6
1855923,18557,1.0880800826940862E-5
1855923,15576,9.934057724822628E-6
1855923,599755,1.0073486080960608E-5
1855923,3055870,4.894762604013706E-4
1855923,3064099,0.041666666666666664
1855923,752046,1.244818443230055E-5
1855923,243070,3.038774766014343E-5
1855923,243067,4.453113171418138E-6
1855923,576464,7.283321194464676E-4
1855923,1096063,2.147766323024055E-4
1855923,1511897,6.226650062266501E-4
1855923,19904,2.8823427682019945E-5
1855923,439775,7.93241581723714E-6
1855923,21270,8.797473365649386E-6
1855923,41703,1.8149380289410018E-6
1855923,10320,4.8035354020559135E-5
1855923,34800,1.5695630336514316E-5
1855923,30211,8.438818565400843E-5
1855923,220908,5.300259712725924E-6
1855923,596142,3.8712424752724385E-5
1855923,26827,1.7352073572791948E-4
1855923,31437,2.8823843082998255E-6
1855923,37047,1.1972104995360809E-4
1855923,18042,3.6871796762656245E-5
1855923,37046,1.1726422561637009E-4
1855923,31707,0.009146341463414634
1855923,14445,3.3787208162989493E-6
1855923,1156245,9.975062344139652E-5
1855923,37769,3.252032520325203E-4
1855923,4340850,3.362474781439139E-5
1855923,424605,1.0239606799098914E-4
1855923,1705285,1.2064424024289706E-5
1855923,3053784,0.26666666666666666
1855923,2825141,7.981575331504754E-7
1855923,1293132,1.2119743061447097E-4
1855923,1624581,1.2120844822884154E-4
1855923,243107,8.767100228996658E-7
1855923,37817,1.876771202822664E-5
1855923,1959629,2.7544794722417333E-5
1855923,24554,7.236111234225504E-7
1855923,4354106,4.82322866927121E-5
1855923,3070567,5.230125523012552E-4
1855923,5572,5.202913631633715E-5
1855923,1853567,0.009569377990430622
1855923,8059,4.116202029781545E-6
1855923,162777,1.0118385105737124E-5
1855923,26382,3.3159467193681134E-6
1855923,4793,5.923946011525629E-6
1855923,751971,4.617188870727946E-6
1855923,3060776,0.02702702702702703
1855923,428332,7.94912559618442E-4
1855923,11900,1.8572930325509178E-6
1855923,1947903,1.7707200810281509E-6
1855923,1873497,1.0067766133846923E-6
1855923,678943,3.779289493575208E-4
1855923,1518412,0.0016863406408094434
1855923,5773,3.964478274659055E-5
1855923,33923,2.060071690494829E-5
1855923,30551,9.399026260879374E-6
1855923,19425,3.807589795659348E-5
1855923,5768,4.209170519811513E-6
1855923,13819,1.078911593983989E-5
1855923,34896,2.7523188286131065E-5
1855923,1705737,1.157340431687981E-4
1855923,35687,2.0426505433450444E-5
1855923,1855923,1.0
1855923,85681,3.6536353671903543E-4
1855923,1254042,1.1669973159061735E-5
1855923,1862922,0.01818181818181818
1855923,425375,3.633720930232558E-4
1855923,1278926,2.8029262550102307E-5
1855923,600220,4.7762334622916366E-5
1855923,2348077,1.3542795232936078E-5
1855923,1136169,4.467476769120801E-5
1855923,2700640,6.134442440526581E-6
1855923,25362,2.0735057798973615E-4
1855923,4331000,5.1432392120557526E-5
1855923,206277,1.8743439796071373E-5
1855923,11008,1.3546923155078402E-5
1855923,15450,2.2532545445327594E-5
1855923,599155,6.382028208564682E-5
1855923,282631,2.4021138601969732E-4
1855923,1623229,9.897070467141726E-5
1855923,1257906,3.0672964848782285E-5
1855923,1257905,2.3242841204908887E-5
1855923,445356,3.654659081218707E-5
1855923,1704258,7.279583316650955E-6
1855923,8630,1.2486576929800464E-5
1855923,1704259,1.006125290770209E-5
1855923,596988,3.156984196137114E-6
1855923,1675,2.7685508131510595E-7
1855923,1853383,0.06666666666666667
1855923,1704257,3.0007501875468866E-5
1855923,678723,4.823205405848619E-6
1855923,282577,0.003745318352059925
1855923,392895,4.209161661271925E-6
1855923,277784,2.2679851220175995E-5
1855923,3001438,0.23529411764705882
1855923,2677590,0.002044989775051125
1855923,599894,2.869876910979288E-6
1855923,32214,1.4432409418590388E-6
1855923,1167250,1.7322016282695306E-4
1855923,1302790,0.007462686567164179
1855923,18183,6.168650916044661E-5
1855923,699040,2.9395049873601284E-5
3053655,13139,2.7826474107465842E-5
3053655,1844680,7.199424046076314E-4
3053655,600138,1.4418446383565279E-6
3053655,40669,6.512239754618806E-6
3053655,598783,2.12021626205873E-5
3053655,1442161,1.2477151216834172E-5
3053655,40649,2.151958389732576E-6
3053655,370003,9.616660672281514E-7
3053655,3060372,1.7220595832615808E-4
3053655,7623,8.994962820820341E-5
3053655,1705422,1.1228259282963362E-5
3053655,3053655,1.0
3053655,4356876,0.0012674271229404308
3053655,2828389,4.7158911383689615E-6
3053655,2003905,3.6532349395389616E-5
3053655,26724,8.843766029325928E-6
3053655,7634,2.0349316364716726E-6
3053655,1512977,2.361330846064842E-5
3053655,1709287,8.884016499395443E-7
3053655,1516334,7.561436672967863E-5
3053655,680022,4.1208394974224145E-6
3053655,1956267,1.0235205011156373E-5
3053655,21469,8.538324268479068E-7
3053655,7586,8.377384413038561E-6
3053655,22885,6.461926972470899E-7
3053655,7590,6.240093851011519E-6
3053655,30685,1.6346333027112028E-6
3053655,86982,1.5946038605359465E-5
3053655,4356422,1.5153811183512653E-4
3053655,25255,5.750960410388535E-6
3053655,1744691,5.315332075371409E-6
3053655,33640,1.3589910850184822E-5
3053655,796344,5.098399102681758E-5
3053655,7603,4.400924194080757E-6
3053655,162610,4.623422257154746E-5
3053655,4327590,3.73366521468575E-4
3053655,597762,6.711409395973154E-4
3053655,24348,2.42101440503571E-5
3053655,1948023,1.3995252810246764E-6
3053655,2003888,9.55247148706667E-7
3053655,237876,5.53703724211249E-6
3053655,9802,3.109549426288131E-5
3053655,237834,3.41917748266477E-6
3053655,430054,2.687760208785213E-6
3053655,33618,4.9769319205482585E-6
3053655,2003864,1.2726046399165171E-5
3053655,4169041,8.391162427731114E-6
3053655,684320,6.6736517555040945E-6
3053655,600595,1.848633859577772E-5
3053655,596290,5.142498637237861E-6
3053655,684321,7.229821568003702E-6
3053655,14181,1.2124151309408342E-4
3053655,3062430,7.385524372230429E-4
3053655,3057531,0.0033783783783783786
3053655,14239,2.2840958406614743E-5
3053655,3065240,2.3866348448687351E-4
3053655,4349336,0.005154639175257732
3053655,1150565,3.538946101850869E-5
3053655,4330889,5.677624481916766E-5
3053655,24660,1.0777139531625515E-5
3053655,1155839,8.428789372982359E-6
3053655,1514559,1.3129907302854442E-5
3053655,1293131,5.52761041401802E-6
3053655,1705285,4.021458502569712E-6
3053655,3053784,0.13333333333333333
3053655,2825141,7.981581702064316E-7
3053655,1293132,9.09008271975275E-5
3053655,1624581,9.09090909090909E-5
3053655,29016,2.022653721682848E-5
3053655,920317,1.7485574401119076E-5
3053655,39476,2.740176467364498E-6
3053655,233660,2.6695640334976896E-6
3053655,8903,5.453603468491806E-6
3053655,441471,2.5321648236727026E-6
3053655,31715,5.061702149198733E-6
3053655,5572,3.468669245044139E-5
3053655,80194,2.2519530062446657E-6
3053655,162777,1.0118589873315255E-5
3053655,2085,5.765416724320834E-6
3053655,442694,2.253018481510604E-6
3053655,751971,6.92583127289853E-6
3053655,9402,1.6182015308186483E-5
3053655,1167622,1.3080342077106E-6
3053655,9404,1.9095266283488324E-5
3053655,79809,6.212171756609595E-7
3053655,376322,2.367256113438913E-5
3053655,3066656,1.2414649286157667E-4
3053655,41904,7.5620084694494855E-6
3053655,813145,1.5875535799333228E-4
3053655,1449575,9.979940319956887E-6
3053655,4173501,5.991611743559018E-4
3053655,35139,9.25077937816261E-6
3053655,1293116,7.672948253636978E-6
3053655,272051,6.954102920723226E-4
3053655,1883559,9.548818333731201E-6
3053655,4591,5.991611743559018E-4
3053655,17982,2.3952669525018563E-5
3053655,683598,3.4186982280887084E-6
3053655,1514562,7.548822006325913E-6
3053655,678229,5.691487242531346E-6
3053655,1621966,1.632421190785962E-6
3053655,221103,7.143163278426218E-6
3053655,1704790,1.41008918814115E-5
3053655,1705764,5.4023100277678735E-6
3053655,2700640,3.06723062813816E-6
3053655,301625,7.144592258119829E-6
3053655,4331000,5.143768324674657E-5
3053655,425382,1.0285949393128985E-5
3053655,1171362,1.176843024439499E-6
3053655,1979930,1.7159722698881187E-5
3053655,3059596,6.484243288808196E-5
3053655,35168,1.6004045822783999E-6
3053655,4331810,2.7184993883376375E-5
3053655,1704259,4.024493064792326E-6
3053655,596988,1.2628136118679223E-5
3053655,682538,7.679901697258276E-5
3053655,4057157,1.1852554225435582E-4
3053655,4166432,1.520091813545538E-5
3053655,1383501,9.80084679316293E-6
3053655,1527249,1.929123984798503E-5
3053655,32214,1.443245107759896E-6
3053655,2700061,5.5727071096597305E-6
3053655,37081,2.9474180617778827E-5
3053655,37080,1.8705224369166307E-5
3053655,175996,6.724610392885362E-6
3053655,1332838,1.54375781527394E-5
3053655,37083,1.3494275053808422E-6
3053655,15161,2.1910124668609365E-5
3053655,80143,2.3277738334943376E-5
3053655,14589,2.477700693756194E-4
3053655,3068273,3.972983710766786E-4
3053655,1533157,2.669143631957123E-6
3053655,17337,3.614499202099301E-6
3053655,230517,2.466091245376079E-4
3053655,220781,2.0816008343056145E-6
3053655,1511760,1.3862031203432239E-5
3053655,1253959,1.1258472000180136E-5
3053655,21135,1.333938051916869E-6
3053655,1536403,2.9239766081871346E-5
3053655,887808,1.3635124079629124E-4
3053655,1689985,2.3509608376943656E-6
3053655,3053444,6.501950585175553E-5
3053655,40914,5.312084993359894E-4
3053655,1883254,4.621363949356013E-6
3053655,7382,4.744643297716878E-6
3053655,1710031,2.6857245682026325E-6
3053655,4358217,1.156737998843262E-4
3053655,3070406,6.195786864931846E-4
3053655,2700462,6.330716637123322E-5
3053655,1705165,5.559076303881347E-6
3053655,27961,3.2351989647363315E-4
3053655,26029,3.675930010292604E-5
3053655,1153164,0.002036659877800407
3053655,4272066,5.035246727089627E-4
3053655,522534,1.2536512592926899E-5
3053655,2911660,1.6361845485275975E-6
3053655,9015,4.056054675617027E-6
3053655,9013,3.774795689183323E-6
3053655,680255,2.10068146106597E-6
3053655,678640,8.002624860954394E-6
3053655,2999420,1.6705004652343796E-6
3053655,679058,3.0674564344499896E-6
3053655,2752508,2.0769726047313437E-5
3053655,17394,1.6108247422680412E-4
3053655,9017,6.235813524232372E-6
3053655,1334043,9.872496705054225E-6
3053655,684063,2.7583163237160036E-5
3053655,1439852,9.749439407234085E-6
3053655,17381,5.6721497447532616E-5
3053655,2518,6.927734492266339E-6
3053655,4280975,5.087936502552448E-5
3053655,3062,2.3469374344030987E-7
3053655,17372,3.204101249599487E-4
3053655,36025,3.2586876613050394E-5
3053655,162326,1.548459824435625E-6
3053655,1880274,1.2371950314247537E-5
3053655,1609488,1.7143836790673754E-4
3053655,282458,1.9893371528606668E-5
3053655,1963578,2.100478488999794E-6
3053655,598941,4.6483521591595777E-5
3053655,4343239,0.005714285714285714
3053655,243067,4.453152832205201E-6
3053655,4327834,2.372310393091832E-5
3053655,1522642,3.682576625213129E-6
3053655,3057818,0.021739130434782608
3053655,887940,1.3349352556401014E-4
3053655,20517,1.342552191716453E-5
3053655,1034337,2.0863759649488838E-4
3053655,220908,2.65013687956983E-6
3053655,11115,9.706853038245001E-5
3053655,28778,2.0391558710356262E-6
3053655,31437,5.76481846586651E-6
3053655,752248,1.167051793758607E-5
3053655,1510438,1.7344910482916997E-6
3053655,14445,1.6893632620928846E-6
3053655,333951,9.656237929702588E-5
3053655,18270,1.6358499794700827E-6
3053655,79941,1.069438651651748E-5
3053655,1515653,7.481110196753198E-5
3053655,40811,1.6212973621491917E-5
3053655,1879547,1.1072909573083972E-6
3053655,4355179,0.003484320557491289
3053655,1749570,6.356470887363335E-5
3053655,4793,1.1847863948608706E-6
3053655,26382,4.973944819056178E-6
3053655,1167322,2.075980900975711E-5
3053655,1510411,4.610610859832819E-6
3053655,1515670,1.174868620316533E-6
3053655,3065960,0.02631578947368421
3053655,4354102,3.7758646730101195E-5
3053655,1299582,3.0058463711919685E-5
3053655,1882806,0.0017730496453900709
3053655,243126,9.609471094710947E-6
3053655,4095280,1.3383297644539615E-4
3053655,162493,7.205181966870573E-6
3053655,3065875,0.014084507042253521
3053655,1873497,2.0135593083826487E-6
3053655,1158478,1.1191440786086801E-5
3053655,3063692,0.004830917874396135
3053655,4057452,1.4498216719343522E-5
3053655,2700383,1.0861537124733893E-5
3053655,441621,1.1377742178086697E-6
3053655,752190,4.8716324840454034E-5
3053655,17260,2.5333772452055837E-5
3053655,178453,1.0270103728047654E-4
3053655,3000866,0.0036363636363636364
3053655,27530,1.677796047112513E-5
3053655,2347885,2.6732249786142E-5
3053655,1518614,2.2536226984878193E-6
3053655,441655,6.301852429521658E-7
3053655,3001438,0.1875
3053655,27536,1.6850619260257815E-5
3053655,1706204,9.73065545695158E-6
3053655,1149300,5.717552887364208E-5
3053655,4353968,0.003861003861003861
3053655,728721,7.150620673874493E-6
