omimID	conceptID	semtype
129500	162361	-47
264300	268296	-47
215600	1876166	-47
250460	1834821	-47
107650	520679	-47
208550	1859648	-47
107640	520680	-47
187600	2674173	-47
187601	1300257	-47
251300	795949	-47
225060	2931488	-47
172500	1809475	-47
264350	1449843	-47
225000	796139	-47
208540	2673885	-47
219800	15624	-47
609021	1836946	-47
609029	1836929	-47
609015	342786	-47
609016	342786	-47
145600	1840365	-47
278150	1848435	-47
172110	1868356	-47
173600	1868193	-47
609006	1837007	-47
214500	7965	-47
139210	796081	-47
609069	1836780	-47
609053	1836861	-47
145650	1840364	-47
609054	1836860	-47
609056	1836824	-47
609040	1836906	-47
188700	175756	-47
609049	1836876	-47
179600	34734	-47
179613	795822	-47
211480	40021	-47
139300	1841762	-47
136120	342895	-47
254600	398595	-47
253550	393538	-47
129490	1720965	-47
136140	729582	-47
226810	1856930	-47
304120	1844696	-47
115700	1861832	-47
255800	36391	-47
304110	220767	-47
248510	342849	-47
219900	268626	-47
143470	342883	-47
211400	2749757	-47
218800	10324	-47
248500	24748	-47
120100	343068	-47
270300	1849193	-47
211450	340231	-47
187501	1861234	-47
137200	242287	-47
137210	1850902	-47
262190	271695	-47
184850	1861457	-47
100600	889	-47
257920	796059	-47
107750	1862555	-47
120040	1861512	-47
251400	266200	-47
184840	1861481	-47
129600	2746069	-47
304700	796074	-47
257960	1850332	-47
122200	1690006	-47
551500	1328349	-47
202010	268292	-47
120080	1861502	-47
112910	1862130	-47
214450	1859194	-47
203100	268494	-47
139393	1841700	-47
145500	85580	-47
248360	342793	-47
252500	20725	-47
214400	1859198	-47
248370	432291	-47
270400	282644	-47
226900	1847593	-47
136000	1851080	-47
211390	796271	-47
248450	1855425	-47
249900	268262	-47
256850	1850386	-47
303100	344297	-47
144800	20494	-47
209300	1859593	-47
255700	751360	-47
226960	796021	-47
214370	1859206	-47
256800	20074	-47
203200	268497	-47
303110	1844836	-47
214350	406733	-47
256810	1850407	-47
215470	1859093	-47
194080	950121	-47
253601	1850889	-47
253600	1869123	-47
262020	1849805	-47
202110	268285	-47
107800	3742	-47
215450	1859098	-47
257980	796093	-47
225200	1644196	-47
183300	1866745	-47
226980	432217	-47
262000	266006	-47
211350	432239	-47
251505	1855053	-47
254780	1850764	-47
270420	267663	-47
215480	1859092	-47
129540	1851851	-47
194072	206115	-47
118980	265565	-47
264110	271586	-47
208300	8732	-47
251100	1855109	-47
257850	2749477	-47
145800	1840361	-47
250215	1855243	-47
181750	1866983	-47
150300	1835555	-47
304800	1563705	-47
250220	1855229	-47
135290	1851124	-47
257800	2936910	-47
217080	1857588	-47
250250	220748	-47
217095	1857586	-47
194470	1860229	-47
204870	339273	-47
217090	1274789	-47
203290	342683	-47
252600	33788	-47
180600	263489	-47
252605	1854896	-47
251190	1855089	-47
173800	1868156	-47
241850	1855794	-47
112600	1832702	-47
251120	1855100	-47
252650	238286	-47
251110	1855102	-47
305920	1844440	-47
187360	1956391	-47
203330	271870	-47
139500	263482	-47
280000	1848392	-47
254800	751785	-47
203300	2931875	-47
304350	1844680	-47
187370	1861238	-47
106400	20498	-47
270500	1849156	-47
253300	43116	-47
210100	1859518	-47
137400	1842051	-47
253310	1854664	-47
128100	1851945	-47
107970	1862512	-47
211200	1859404	-47
226650	2673609	-47
137440	17495	-47
270550	1849140	-47
226670	1856936	-47
144755	1840404	-47
144750	432273	-47
150250	1835564	-47
226600	79474	-47
187300	39445	-47
255600	1850671	-47
184900	1861456	-47
107900	1862534	-47
248700	796033	-47
264010	796189	-47
183086	752124	-47
251220	1855080	-47
183090	2931904	-47
135150	346010	-47
251200	1855081	-47
208400	2931840	-47
137280	2936660	-47
118865	1861558	-47
218600	265308	-47
137270	1850899	-47
150400	1835493	-47
118800	1869117	-47
194350	1327917	-47
304900	687720	-47
183020	1866774	-47
138000	1841984	-47
100800	1080	-47
128300	155411	-47
215700	175683	-47
241760	795989	-47
180500	265341	-47
251290	393591	-47
218670	1857471	-47
100820	1863416	-47
173900	85413	-47
251270	795793	-47
112700	1862140	-47
162900	334082	-47
251260	2930831	-47
214200	27877	-47
241800	342418	-47
179300	158761	-47
270600	1849139	-47
226700	79683	-47
254900	751779	-47
211170	1859406	-47
180550	1867155	-47
249700	432230	-47
203450	270726	-47
209500	1859592	-47
144600	20480	-47
106500	234906	-47
128235	1868681	-47
128230	1851920	-47
203400	268293	-47
254940	1850746	-47
210000	221061	-47
243910	1855675	-47
270685	2931276	-47
143500	17551	-47
187400	37856	-47
253400	152109	-47
264090	406586	-47
264080	1849699	-47
144650	20481	-47
257790	1850340	-47
137370	1842052	-47
250400	432225	-47
218700	1563716	-47
226750	406740	-47
139600	1841696	-47
122000	339284	-47
150360	1835494	-47
248600	1855371	-47
226730	1856934	-47
137360	1300229	-47
217100	1857583	-47
193090	342700	-47
121200	1852587	-47
607014	86795	-47
218350	1857511	-47
121201	1852581	-47
607015	86431	-47
143050	431800	-47
607016	26708	-47
205700	2880	-47
264700	268689	-47
214100	43459	-47
106100	19243	-47
179250	1867397	-47
151590	23652	-47
256520	265218	-47
277000	1698581	-47
177000	349426	-47
185800	1861385	-47
256540	268233	-47
184300	1384641	-47
218340	1857512	-47
256550	268228	-47
607039	1846896	-47
179280	1867396	-47
218330	432235	-47
607084	1846839	-47
607095	1846796	-47
263200	162510	-47
607060	1846862	-47
607078	1846843	-47
178110	1867440	-47
242700	1744558	-47
150550	272174	-47
181515	1866985	-47
202370	282525	-47
606003	1291329	-47
606002	1853761	-47
136500	2936827	-47
132100	393720	-47
208150	1276035	-47
208155	1859711	-47
208158	1859710	-47
216100	796099	-47
249620	796094	-47
215100	1859133	-47
152700	24141	-47
136520	1850993	-47
215105	1859132	-47
249600	265249	-47
250950	342727	-47
172900	406515	-47
215140	1300226	-47
213002	1859301	-47
180050	35305	-47
249650	796055	-47
167800	238339	-47
215150	432210	-47
202400	272350	-47
211000	268478	-47
250900	268622	-47
151660	1720860	-47
220700	1846647	-47
203500	2066	-47
151640	1835395	-47
256500	265962	-47
143000	1840475	-47
151630	1835396	-47
151623	2675080	-47
151620	1835402	-47
143020	1840474	-47
121270	1852576	-47
151610	1835403	-47
184260	2745953	-47
264800	376359	-47
203550	795895	-47
184255	432221	-47
179200	1867398	-47
184250	700635	-47
137600	1842031	-47
184460	1866656	-47
145980	1840348	-47
106230	1862867	-47
264600	268297	-47
241500	2673477	-47
256450	2931832	-47
251000	1855114	-47
104110	1863092	-47
122600	1852521	-47
241520	342643	-47
274150	1956258	-47
218450	1857495	-47
241510	220743	-47
219500	268616	-47
150600	23234	-47
400045	2748895	-47
241530	342645	-47
252150	268119	-47
132090	1851549	-47
241550	152101	-47
242600	268654	-47
255310	546264	-47
145900	11195	-47
252100	26363	-47
105200	268389	-47
182200	1866959	-47
167730	1868660	-47
181405	751335	-47
181400	1867005	-47
105120	1628319	-47
249500	1855304	-47
208250	1859690	-47
209700	263429	-47
215030	549472	-47
144400	20445	-47
181440	36310	-47
203600	265328	-47
181450	1866994	-47
204690	403549	-47
105150	1510489	-47
137550	1842036	-47
182290	1866927	-47
136480	1850996	-47
309000	28860	-47
182250	432254	-47
183700	1866741	-47
215045	1859148	-47
137500	1842039	-47
182260	149887	-47
203655	1859877	-47
152800	24215	-47
193050	473546	-47
182212	1321551	-47
182210	1866958	-47
217300	1857574	-47
167755	1868659	-47
248250	268448	-47
263450	220697	-47
219600	1384901	-47
184510	1866650	-47
241410	1855840	-47
139000	263471	-47
607271	1846545	-47
110050	796197	-47
607278	1709353	-47
607277	1846534	-47
607250	1846574	-47
607259	1846564	-47
607225	1846588	-47
137800	2750850	-47
107480	265246	-47
607236	1846582	-47
179000	272309	-47
253800	410174	-47
139090	272302	-47
247200	265219	-47
185600	1861418	-47
255200	410204	-47
172700	236642	-47
189961	520538	-47
189960	1861028	-47
184500	259771	-47
252270	1854978	-47
278300	268118	-47
202200	1859974	-47
249420	1855305	-47
136300	343108	-47
250700	878679	-47
220500	1857345	-47
187760	1861197	-47
203700	205710	-47
105250	268398	-47
181350	2750035	-47
122580	1852523	-47
253700	410173	-47
152950	1835265	-47
174900	1868081	-47
105210	2751492	-47
607330	1846421	-47
248300	25221	-47
607326	1846431	-47
209885	1319466	-47
209880	1876168	-47
607323	1623209	-47
607322	1846485	-47
607313	1846496	-47
256710	1860157	-47
203780	1567744	-47
256731	1850442	-47
256730	2931673	-47
248340	796032	-47
143200	1840452	-47
309350	25237	-47
203750	1536500	-47
602044.0003	28756	-47
203740	2752074	-47
607140	2982	-47
277100	268573	-47
607143	1846695	-47
219750	1857413	-47
242880	272167	-47
121300	342859	-47
607155	1846672	-47
217600	1622427	-47
219730	1857423	-47
607101	1846784	-47
121350	1852561	-47
150800	1835485	-47
607115	409818	-47
219700	10674	-47
256690	796088	-47
110150	1862259	-47
607136	1846707	-47
277170	2745997	-47
607133	1846720	-47
607132	1846721	-47
144250	20474	-47
249240	1855309	-47
172870	1868310	-47
247100	23795	-47
122450	1852541	-47
122430	1852543	-47
172880	1868309	-47
278250	406587	-47
264480	1849649	-47
252320	1854961	-47
264470	1849678	-47
255125	1850718	-47
204500	1876161	-47
270150	1527336	-47
185750	1861391	-47
242850	1855771	-47
122400	1852551	-47
255100	410214	-47
607196	1846648	-47
241310	1855848	-47
607197	1846647	-47
242840	1855772	-47
249210	1608393	-47
187950	40028	-47
242860	398788	-47
105400	1862941	-47
172800	80024	-47
107600	2931779	-47
250850	268621	-47
209950	694566	-47
270200	37231	-47
220400	22387	-47
249310	796086	-47
208000	1859727	-47
249300	344530	-47
209920	2931418	-47
208060	1859725	-47
144200	2931735	-47
209900	2673874	-47
208050	1859726	-47
203800	268425	-47
122455	1852540	-47
182410	282492	-47
270220	1849195	-47
167950	1868647	-47
101900	265971	-47
121390	1852558	-47
143100	20179	-47
180100	220701	-47
180104	1867300	-47
180105	1867299	-47
208085	1859722	-47
110100	220663	-47
137700	1842030	-47
607208	1846618	-47
248200	1858080	-47
304020	1844777	-47
137765	1842024	-47
181270	1867020	-47
250800	268193	-47
217500	155120	-47
137760	1863926	-47
137763	1842025	-47
256600	270724	-47
181250	1867021	-47
137750	1842028	-47
605280	1854467	-47
605282	1854466	-47
244510	1855647	-47
605289	1854442	-47
120970	35334	-47
277440	268690	-47
277450	1848534	-47
205200	1859806	-47
607540	1843757	-47
607541	1275685	-47
231200	5129	-47
181180	1867023	-47
607565	1843661	-47
277400	1848561	-47
193500	1847800	-47
153700	2745945	-47
221740	1857333	-47
193510	1860339	-47
243400	2673469	-47
144110	1274743	-47
193520	553586	-47
160900	2931688	-47
144100	162473	-47
606482	1847902	-47
193530	457013	-47
146300	268413	-47
606408	1848029	-47
216550	265223	-47
611081	1970207	-47
611087	1970203	-47
148520	1835663	-47
606438	1847987	-47
201020	265303	-47
204100	1859844	-47
606445	1847973	-47
243440	432364	-47
221770	1857316	-47
123790	1852406	-47
604286	1858593	-47
160980	2607929	-47
604290	878682	-47
604292	1858562	-47
144190	1840428	-47
116800	1861784	-47
189700	1861044	-47
604233	1858676	-47
604232	1858677	-47
153650	398641	-47
269000	392475	-47
605316	1854414	-47
123700	268350	-47
611022	1970239	-47
606391	342276	-47
239710	1855904	-47
153640	403445	-47
239711	1855903	-47
116850	1861799	-47
604257	1858661	-47
604250	1858664	-47
606394	1853371	-47
606392	1833382	-47
612572	2675496	-47
607473	1843832	-47
612577	2675491	-47
275250	1848756	-47
607476	1843815	-47
116860	1861784	-47
275240	276742	-47
612580	2675488	-47
190400	40997	-47
605355	1854380	-47
190410	410060	-47
604219	1858679	-47
276710	268623	-47
607485	1843792	-47
607483	1843807	-47
604213	1858695	-47
604218	1858680	-47
210720	1859451	-47
605375	1854335	-47
605373	1854336	-47
277470	1848526	-47
275200	242604	-47
612526	2675861	-47
612527	2675860	-47
612541	2675526	-47
605362	1854368	-47
277460	1848533	-47
605361	1854369	-47
612539	2675528	-47
217700	1857569	-47
310700	1839580	-47
242300	1855789	-47
277480	1848525	-47
612561	2931850	-47
605387	1854311	-47
275210	406585	-47
151100	175704	-47
277320	1848586	-47
605192	1854594	-47
607417	1843942	-47
244400	22521	-47
149500	263382	-47
277300	265343	-47
132400	1851538	-47
190350	432233	-47
190351	1860823	-47
308050	265267	-47
231100	268059	-47
278810	1848409	-47
607450	1843896	-47
275190	1848793	-47
607453	1843895	-47
607459	1843852	-47
221800	432288	-47
221810	1857301	-47
607432	1848201	-47
540000	162671	-47
146255	1840333	-47
606353	1853396	-47
606369	238111	-47
278850	2749215	-47
611162	2720293	-47
606346	1853441	-47
191482	1860605	-47
191480	432347	-47
604091	2931838	-47
146200	1840334	-47
182610	1866854	-47
606324	1853445	-47
243300	1855731	-47
232600	17924	-47
191440	1860614	-47
204200	2931674	-47
246200	271689	-47
191420	1860615	-47
612630	2675460	-47
604187	1858712	-47
611105	1970180	-47
123880	29438	-47
116920	398738	-47
604173	1858723	-47
241100	151721	-47
153550	740302	-47
191400	1860616	-47
604168	1858726	-47
239850	795905	-47
182601	1866855	-47
144050	272273	-47
604154	1858751	-47
182600	2931355	-47
604145	1858763	-47
241150	268444	-47
604131	39730	-47
216700	1857624	-47
604121	1858804	-47
604129	1275114	-47
241120	1855856	-47
611131	1970163	-47
611136	1970160	-47
144010	1704417	-47
611134	1970161	-47
604117	1858805	-47
604116	1858806	-47
605233	1854565	-47
607371	1846331	-47
190300	1860861	-47
607364	1846343	-47
607361	1846357	-47
612690	2675192	-47
605203	1854586	-47
607341	1846385	-47
277380	1848578	-47
217800	1636149	-47
605274	1854470	-47
244450	1855663	-47
190340	1860850	-47
190345	1860849	-47
244460	1855648	-47
612651	2675227	-47
605253	393818	-47
612653	2675212	-47
310600	266526	-47
605258	1720956	-47
605259	1854488	-47
210600	265202	-47
151210	1835438	-47
500007	1838991	-47
500001	1839040	-47
500004	271097	-47
500000	1708371	-47
605249	1854520	-47
190320	265333	-47
151200	1835450	-47
612656	2675211	-47
276600	268487	-47
277610	1848488	-47
612370	2675302	-47
267000	796113	-47
148390	2675099	-47
612391	2749476	-47
205400	39292	-47
607745	1843140	-47
238320	2673496	-47
145001	1840394	-47
148350	1835672	-47
607778	1843096	-47
310500	339535	-47
278740	1848411	-47
193300	19562	-47
188030	43117	-47
278750	1848410	-47
241080	342286	-47
239400	282526	-47
188020	272282	-47
201250	265278	-47
278760	268140	-47
607721	1843181	-47
243200	33845	-47
132300	278193	-47
607734	1843164	-47
607736	1843153	-47
278780	1968561	-47
188000	1861185	-47
232500	17923	-47
201200	406584	-47
216360	1857662	-47
611284	2749929	-47
611283	1969809	-47
121900	1641846	-47
278720	2752147	-47
606232	1853490	-47
216340	1857663	-47
277600	1869114	-47
269160	266484	-47
278730	268138	-47
604004	1858854	-47
121820	521723	-47
160750	2931785	-47
152460	403556	-47
121800	271287	-47
606163	1853577	-47
606159	1853578	-47
606156	1853616	-47
606155	1853623	-47
269250	432194	-47
201170	1860119	-47
275400	1848745	-47
189500	406735	-47
606176	1853564	-47
606177	30593	-47
216400	751039	-47
606170	1853566	-47
611209	2749941	-47
242500	598226	-47
611222	1970013	-47
210900	5859	-47
239500	268529	-47
269200	85860	-47
188055	1861171	-47
121850	1562113	-47
239510	268530	-47
611228	1970011	-47
115080	1861884	-47
242520	1275088	-47
183800	1866740	-47
254090	410179	-47
247610	264511	-47
612310	2676742	-47
612318	549150	-47
107000	1862840	-47
130100	221271	-47
612336	2363755	-47
240200	2746070	-47
612350	2676510	-47
612359	2676500	-47
605583	1854158	-47
612362	2676498	-47
122900	432263	-47
605589	1854150	-47
605588	1854154	-47
607681	1843244	-47
607684	1843225	-47
607685	206141	-47
607688	1843211	-47
244600	1855645	-47
607665	1843274	-47
607678	1843247	-47
607677	1843251	-47
231300	1856439	-47
193240	1860403	-47
607656	1843291	-47
217980	796184	-47
607626	1843355	-47
607624	1868679	-47
193220	2674009	-47
138930	1841835	-47
148210	265336	-47
193230	1860405	-47
149730	265269	-47
148200	1835697	-47
115200	1449563	-47
153800	242383	-47
607602	1843463	-47
607600	1843477	-47
155950	1835033	-47
607616	268243	-47
160800	270959	-47
166260	1833736	-47
155980	1835030	-47
201100	221036	-47
310468	403720	-47
115210	1861861	-47
204000	2931258	-47
232400	1968742	-47
611383	1568249	-47
115150	1275081	-47
130000	268335	-47
211965	1859355	-47
211960	1859356	-47
166200	2674706	-47
254110	270968	-47
611363	1969657	-47
605407	1854299	-47
130020	268337	-47
611377	1969652	-47
151050	432269	-47
116700	266539	-47
254130	1850808	-47
130010	268336	-47
611369	1969655	-47
243150	220744	-47
269150	265227	-47
211910	1859359	-47
130050	268338	-47
159001	1834653	-47
159000	1834659	-47
182815	1866851	-47
275300	40587	-47
115197	1861862	-47
115195	1861864	-47
612400	29410	-47
122860	2675746	-47
182820	1866850	-47
606072	1853698	-47
606071	1853710	-47
152550	1835320	-47
166220	268363	-47
130070	1869122	-47
201050	1860145	-47
606069	1853733	-47
122880	1852510	-47
166210	268360	-47
606054	268579	-47
246400	23381	-47
606056	1853736	-47
130060	1851801	-47
183900	2745959	-47
612438	2676244	-47
612437	2676254	-47
612446	2676232	-47
611311	1969783	-47
612440	2676242	-47
277590	265210	-47
612416	15523	-47
612423	272339	-47
277580	1848519	-47
211900	1876187	-47
605479	2608083	-47
605472	1854237	-47
148190	1835698	-47
154850	1835093	-47
243180	1855733	-47
240300	85859	-47
607596	1843504	-47
607595	1843512	-47
607598	1843478	-47
275370	1848746	-47
612463	33835	-47
145295	1840387	-47
254210	393929	-47
239200	1832645	-47
607903	1842839	-47
254200	26896	-47
248950	796038	-47
246700	795956	-47
607921	1842816	-47
211890	1859371	-47
607948	1969665	-47
607944	1842763	-47
607941	1842778	-47
606893	1847197	-47
248900	1855346	-47
182970	1866783	-47
115310	1861848	-47
600801	1833276	-47
600803	8350	-47
149200	266004	-47
210370	1859486	-47
231630	8127	-47
132990	1851503	-47
606854	1847352	-47
131450	1851583	-47
612199	2677299	-47
612198	2677303	-47
606889	1847200	-47
231670	268595	-47
131440	1851585	-47
243800	175692	-47
556500	1838867	-47
231680	1856405	-47
154800	42111	-47
606824	268186	-47
612138	2677349	-47
606812	2936826	-47
606840	1847399	-47
606842	1847387	-47
606843	1720957	-47
606835	1847406	-47
192430	220704	-47
600791	1863752	-47
600794	1833308	-47
600795	1833296	-47
160565	410207	-47
148050	220687	-47
612126	1842534	-47
612119	268187	-47
116400	1861826	-47
160570	1834532	-47
154750	268365	-47
154780	265235	-47
269400	1853235	-47
191900	268390	-47
600705	1833454	-47
146750	432304	-47
182960	1866784	-47
193900	1721005	-47
182950	1710146	-47
153200	238261	-47
160500	221054	-47
276300	265325	-47
600721	1833429	-47
268310	1849334	-47
600737	1833373	-47
268305	1849348	-47
146700	79584	-47
270700	1849128	-47
268300	392475	-47
182920	1866785	-47
270710	795942	-47
146720	1840283	-47
600775	1833340	-47
182900	2674218	-47
233800	1856244	-47
600776	1833339	-47
237000	268531	-47
211750	796095	-47
607812	1843042	-47
277720	1848470	-47
254300	1850792	-47
607801	1832567	-47
270800	1849115	-47
277700	43119	-47
138790	1841853	-47
607850	2675609	-47
607855	1263858	-47
239300	1855923	-47
114300	220666	-47
248800	24814	-47
606798	2930898	-47
607841	1842939	-47
607847	1842930	-47
600920	1833136	-47
607831	1842983	-47
606785	268311	-47
117550	175695	-47
600919	1970119	-47
123450	10314	-47
606773	1847521	-47
607823	1843004	-47
607822	1843013	-47
607821	1843028	-47
606777	1847501	-47
600906	1833169	-47
131300	2931842	-47
606768	1847532	-47
240600	1855861	-47
231530	1291230	-47
606762	1847555	-47
606752	14077	-47
192350	1735591	-47
253200	26709	-47
607864	1842884	-47
610048	1864738	-47
145100	155211	-47
154700	24796	-47
606719	1838547	-47
610006	1864912	-47
610015	1864910	-47
253220	85132	-47
606705	1847626	-47
610021	1864902	-47
120400	1852752	-47
192315	1860518	-47
612284	2676790	-47
253250	524582	-47
231550	271742	-47
210200	268600	-47
192300	1860520	-47
277730	349464	-47
612269	2677087	-47
243700	1968689	-47
610003	1864923	-47
610001	1864939	-47
612261	2677091	-47
191830	2674045	-47
612247	2677099	-47
612245	2677100	-47
612244	2677101	-47
253260	1854698	-47
233710	1856245	-47
612233	2677109	-47
612227	11854	-47
132900	1851504	-47
253270	268581	-47
233700	1856251	-47
114290	1861923	-47
253280	457133	-47
253290	1854678	-47
154600	266521	-47
161700	1834340	-47
153100	1704423	-47
240500	2936665	-47
268250	1849382	-47
269300	265292	-47
600852	1833245	-47
600850	1833247	-47
600858	1833236	-47
117650	265342	-47
246650	1855498	-47
123400	1969957	-47
600886	1833213	-47
124900	1852282	-47
191850	263334	-47
600881	1833229	-47
600880	856761	-47
600882	1833219	-47
606664	1847720	-47
188455	1861114	-47
120330	1852759	-47
270900	599464	-47
606693	1847640	-47
146590	1840296	-47
205000	2735	-47
114000	1861980	-47
239000	268414	-47
120300	1852767	-47
116150	1861829	-47
232900	1856275	-47
132700	1851526	-47
210550	400972	-47
268080	1849397	-47
114030	1861975	-47
116100	524524	-47
605040	1857942	-47
606612	1847759	-47
606631	1847746	-47
149400	1835614	-47
310980	795690	-47
153470	220690	-47
190680	1860804	-47
268130	1327916	-47
161800	1834336	-47
153480	265326	-47
269650	398709	-47
145420	1840378	-47
116200	1861828	-47
192605	340485	-47
192600	1860466	-47
231080	265373	-47
231090	2931618	-47
231095	1856465	-47
269600	36489	-47
268150	1849388	-47
242100	1855792	-47
210500	5411	-47
193700	265224	-47
600991	1832948	-47
600995	1868672	-47
600994	1832932	-47
600987	1832950	-47
600989	1832949	-47
131705	1851573	-47
600996	1832931	-47
231050	265287	-47
211600	268312	-47
231060	1856466	-47
153400	265345	-47
231070	432255	-47
270970	2678338	-47
123540	1852457	-47
268100	1849394	-47
146500	393911	-47
231000	1856493	-47
600962	1833030	-47
600972	265274	-47
600971	1832992	-47
146520	1840299	-47
600969	1832998	-47
600965	1833021	-47
123500	2931196	-47
146510	265220	-47
600974	1832978	-47
600977	1832976	-47
255995	1850625	-47
193680	1860315	-47
606552	1847843	-47
254500	268381	-47
277900	19202	-47
193670	472817	-47
612095	2677516	-47
115645	1861835	-47
149300	266000	-47
606529	1847865	-47
239100	432272	-47
255960	1850635	-47
188560	1861101	-47
188570	242604	-47
606595	1847823	-47
255990	1850626	-47
141000	221025	-47
211530	796274	-47
255980	1850627	-47
606574	1847836	-47
243500	268575	-47
240800	271714	-47
114140	1861964	-47
205100	1859807	-47
612016	2677589	-47
612015	2677590	-47
253000	86651	-47
253010	86652	-47
612020	2677586	-47
277970	43194	-47
606527	1847871	-47
606519	1847874	-47
232800	17926	-47
255900	27145	-47
612069	2677565	-47
612067	2677567	-47
268000	35334	-47
605026	1857958	-47
145300	1840386	-47
605039	796232	-47
268025	1849400	-47
612004	2677608	-47
117800	1861696	-47
268060	1849398	-47
269500	265301	-47
247950	796023	-47
268050	796072	-47
216900	1857618	-47
192500	1860467	-47
117850	1861695	-47
211500	393540	-47
146400	1840317	-47
153300	221348	-47
613119	2751089	-47
613118	272375	-47
157200	1834876	-47
613135	2751067	-47
147950	1563720	-47
313900	1839163	-47
103300	595985	-47
600416	410192	-47
271700	796173	-47
613101	2751293	-47
613102	2751292	-47
613105	2751290	-47
131800	80333	-47
613108	341024	-47
613107	2751288	-47
165720	29408	-47
613161	1291512	-47
613163	342708	-47
147900	268349	-47
222300	43207	-47
265100	155912	-47
604757	1858160	-47
613179	268125	-47
613177	2750804	-47
176305	1867801	-47
604777	1858142	-47
604772	1631597	-47
604771	1858143	-47
603671	1863616	-47
603670	1863617	-47
312863	1706416	-47
312870	796154	-47
307300	151721	-47
613180	2750798	-47
600496	1838100	-47
603689	1863599	-47
312830	1839321	-47
613194	2750789	-47
613195	2750787	-47
175200	31269	-47
268400	32339	-47
611962	2677745	-47
300498	1845333	-47
605808	1853959	-47
605803	1853965	-47
600460	1838121	-47
600462	1838103	-47
600457	1838123	-47
600458	341858	-47
600459	1838122	-47
605827	1853919	-47
605820	1853926	-47
102200	2676192	-47
605814	1853942	-47
605838	1853911	-47
266280	1849453	-47
300590	1802395	-47
266270	796133	-47
141200	403440	-47
300582	1845118	-47
300584	1845117	-47
610474	1864852	-47
223800	265286	-47
605850	1853892	-47
266265	398739	-47
602668	2931689	-47
603600	1863677	-47
236110	1856095	-47
610489	1864846	-47
201710	342474	-47
228250	1856789	-47
603622	1863659	-47
229300	1856689	-47
161480	339851	-47
603629	1863655	-47
103285	1863204	-47
300539	1845202	-47
605899	751748	-47
229310	1856688	-47
300571	1845146	-47
602629	1414216	-47
125851	1841962	-47
603649	1863634	-47
125850	1852093	-47
603656	1863622	-47
300558	796249	-47
300559	1845151	-47
201750	1860042	-47
300555	1845167	-47
300500	342684	-47
604715	2930833	-47
604717	1858172	-47
165800	29421	-47
300523	795889	-47
601543	1832187	-47
131760	79295	-47
601536	1832216	-47
601539	1832200	-47
228200	1856790	-47
601552	1832167	-47
300514	1845292	-47
601553	1832162	-47
159400	1834635	-47
300510	1845295	-47
601547	1832175	-47
601561	1832111	-47
601559	796176	-47
606943	1847089	-47
606952	1847024	-47
610460	342801	-47
606966	1847013	-47
601596	1866636	-47
610455	1864861	-47
156400	265295	-47
140450	1841657	-47
102370	265287	-47
103400	1860	-47
245000	30360	-47
131950	432317	-47
102350	1863321	-47
601492	1291490	-47
601494	1832243	-47
613000	2751804	-47
245010	1855627	-47
267450	1968593	-47
162500	393814	-47
613013	2751683	-47
613021	2751666	-47
613034	2751630	-47
271600	1849054	-47
176200	162532	-47
156590	795793	-47
168100	238344	-47
131900	79299	-47
156575	1834937	-47
245050	342792	-47
200700	265260	-47
308750	1839911	-47
156580	220693	-47
271665	1849011	-47
605909	1853833	-47
613070	2751567	-47
613071	2751324	-47
307200	472813	-47
157170	1834877	-47
613075	2751321	-47
613078	2751318	-47
613079	2746083	-47
600373	1838180	-47
600376	1838163	-47
161470	1834371	-47
125700	687720	-47
613087	2751315	-47
603794	1863533	-47
600360	1838206	-47
176250	1867923	-47
600361	37773	-47
234700	149530	-47
600363	1838192	-47
613089	2751313	-47
611881	272066	-47
611876	2678477	-47
611875	2678478	-47
613095	2751306	-47
613093	2751308	-47
611895	2678468	-47
176240	1867924	-47
157151	1834880	-47
611890	2678471	-47
157150	1834881	-47
233270	1856274	-47
175100	2674616	-47
103470	1863198	-47
271630	1849048	-47
312920	1839264	-47
600331	1838256	-47
600330	1838257	-47
600334	1838244	-47
600333	1838253	-47
602596	1865139	-47
605944	1853827	-47
600325	795939	-47
600329	1838258	-47
602588	1865143	-47
600320	1838260	-47
161400	7384	-47
300387	1845672	-47
600316	1838263	-47
602579	1865145	-47
155050	220692	-47
300495	1136249	-47
611942	2749872	-47
605982	1853800	-47
610380	2674574	-47
603720	1863561	-47
610382	2931455	-47
602554	1865205	-47
300484	152096	-47
611938	2677794	-47
602561	1865182	-47
602562	1865181	-47
610377	1959626	-47
602535	265211	-47
170980	1868426	-47
300436	1845526	-47
300438	1845517	-47
602522	1865270	-47
603776	1863551	-47
603736	1863557	-47
300431	796206	-47
300422	1845546	-47
240950	1855859	-47
602501	1865285	-47
300419	796244	-47
604856	19621	-47
601420	1832369	-47
229200	268344	-47
300400	2931540	-47
601414	1832378	-47
601419	1832370	-47
604864	1858079	-47
142630	1840586	-47
142623	2931876	-47
142625	795976	-47
229230	1856708	-47
604841	1858084	-47
156550	265279	-47
170900	2892	-47
301500	1970820	-47
245800	23138	-47
237500	22350	-47
601462	751885	-47
601466	344688	-47
142690	1840560	-47
604804	1858108	-47
156510	1834969	-47
601472	1832274	-47
601477	1832273	-47
610332	1835913	-47
610333	1835912	-47
142680	1275126	-47
124200	1852297	-47
273800	40015	-47
610329	1835916	-47
117000	2674259	-47
601438	1832359	-47
610313	1853198	-47
601455	1832334	-47
601451	2936777	-47
601452	1832352	-47
601453	406724	-47
489000	1839046	-47
156500	265289	-47
140350	2931042	-47
124500	265964	-47
271950	1848979	-47
212835	1859306	-47
156250	410530	-47
175020	236048	-47
165500	338508	-47
245180	796010	-47
271980	268631	-47
165510	1833799	-47
600643	1833541	-47
601374	1832412	-47
601379	1832408	-47
601378	1832409	-47
601371	1832423	-47
601370	1832424	-47
154000	1835172	-47
600630	1833561	-47
601367	948008	-47
601369	1832425	-47
147710	21933	-47
103500	391816	-47
601359	1832433	-47
600628	406468	-47
600625	2677434	-47
601399	1832388	-47
557000	342773	-47
109120	1862373	-47
601390	1832390	-47
176500	1867773	-47
601389	1832391	-47
601388	1832392	-47
600652	1833503	-47
175050	1832942	-47
601386	1832394	-47
126700	730295	-47
154020	1835171	-47
601382	1832399	-47
177990	1867442	-47
177980	1867443	-47
165550	1833798	-47
245150	1855607	-47
271930	795996	-47
300263	1846055	-47
600679	1833473	-47
236250	1856058	-47
603472	1863843	-47
603471	1863844	-47
300257	878677	-47
300270	1846044	-47
245100	796136	-47
162830	543669	-47
300280	1846010	-47
103580	33806	-47
165590	1833796	-47
311070	1839566	-47
300299	1845987	-47
300291	1846008	-47
155140	25037	-47
141500	1832903	-47
127820	1851956	-47
312600	2681923	-47
603457	1863878	-47
162800	221023	-47
155145	1835087	-47
603439	1863880	-47
155150	1835086	-47
125635	1852145	-47
610282	1853214	-47
300306	2678155	-47
228020	1302740	-47
610279	1853215	-47
141405	1841639	-47
602875	1864356	-47
300322	23374	-47
300323	268117	-47
605676	1854063	-47
610293	1853205	-47
605672	1854064	-47
610297	1853202	-47
605670	1854065	-47
245900	23195	-47
610244	1853251	-47
610246	1853249	-47
610233	1853256	-47
610227	1853258	-47
610265	1853223	-47
300367	1845837	-47
300376	917713	-47
300373	432268	-47
610253	795833	-47
610251	2674838	-47
301800	3466	-47
610250	1853247	-47
610256	1853230	-47
605637	1854106	-47
601319	1832473	-47
601317	1832475	-47
601316	1832476	-47
140400	1841658	-47
604901	1858051	-47
610202	1857769	-47
601322	1832472	-47
601321	2931482	-47
109130	1862372	-47
176600	1867772	-47
147750	1327918	-47
604919	1858042	-47
314050	1839161	-47
601331	1832471	-47
610217	2750220	-47
601338	1832466	-47
212895	393520	-47
131960	432316	-47
237450	220991	-47
604931	1291245	-47
610220	1857744	-47
601341	1832465	-47
601346	1832443	-47
109150	24408	-47
200450	1860212	-47
610204	1857762	-47
601349	1832440	-47
610205	1857761	-47
271900	206307	-47
147770	796002	-47
601351	1832438	-47
601353	795941	-47
601356	1832435	-47
601358	1303073	-47
164000	1834118	-47
222500	11999	-47
200400	1860213	-47
230000	16788	-47
156200	1969562	-47
237400	268630	-47
212840	1859305	-47
127750	1851958	-47
117300	1861735	-47
176410	342549	-47
176450	1867774	-47
102150	796280	-47
601286	1832526	-47
601287	1832525	-47
176430	1864389	-47
109000	1862381	-47
165680	1833790	-47
222448	1857277	-47
147820	1840073	-47
176400	342543	-47
600513	1838049	-47
600512	1838062	-47
126600	1852020	-47
601238	1832585	-47
600501	1838099	-47
222470	1857276	-47
300166	2931601	-47
236130	268632	-47
300143	796241	-47
245200	23521	-47
600559	1833607	-47
158400	1834708	-47
266500	34960	-47
603595	1863678	-47
162700	2931028	-47
266510	282527	-47
603588	1863691	-47
272950	1848912	-47
603572	1863702	-47
311150	1839564	-47
603569	1863703	-47
603563	1863704	-47
161200	27341	-47
300184	1970936	-47
300183	1846248	-47
312750	2748910	-47
603554	2931884	-47
603553	1863727	-47
603552	1863728	-47
610198	1857776	-47
603543	1863753	-47
603546	1863732	-47
600598	1833577	-47
610187	1857781	-47
603523	340014	-47
603516	1963674	-47
236200	1856067	-47
300210	1846174	-47
603530	1863767	-47
603528	1863769	-47
141300	15458	-47
300200	2749175	-47
169000	1868575	-47
311250	268542	-47
610156	1857802	-47
610153	1857811	-47
300250	1859974	-47
141350	1841640	-47
268700	268556	-47
610136	1857830	-47
243000	1855739	-47
610127	1864670	-47
300240	1846142	-47
311200	1510460	-47
605724	1838457	-47
602772	1864446	-47
602771	410180	-47
300233	1846147	-47
300215	1846172	-47
159580	30481	-47
300218	1846170	-47
265050	796279	-47
601216	1832594	-47
601222	1832590	-47
159550	1327919	-47
610102	1864694	-47
601223	1832589	-47
147891	1840061	-47
601230	1832586	-47
164185	1282359	-47
164180	796092	-47
237310	268543	-47
237300	751753	-47
125595	406778	-47
601214	1832600	-47
142400	19291	-47
165700	264081	-47
602722	1864498	-47
604393	1858386	-47
604391	1858391	-47
108200	1862471	-47
109730	1260873	-47
608673	1837552	-47
272800	1848913	-47
130650	4903	-47
611523	1969084	-47
275550	1313961	-47
611522	1969085	-47
611521	1969086	-47
608681	1837549	-47
245300	1855588	-47
611553	1969057	-47
611548	1969060	-47
158350	1866398	-47
141749	1841621	-47
604356	751083	-47
170650	31106	-47
604352	1858493	-47
603218	1864112	-47
271310	1849087	-47
603233	1864100	-47
604367	1720861	-47
604369	1096903	-47
238700	1282843	-47
604360	1858479	-47
604363	1858478	-47
236490	406582	-47
271322	2931904	-47
604379	1836672	-47
158300	265226	-47
166400	1833733	-47
109720	566602	-47
604387	1858392	-47
604381	1858420	-47
604307	1852438	-47
604308	1858556	-47
610910	1970472	-47
604320	1858517	-47
603278	333497	-47
604326	1858501	-47
603285	1864040	-47
603284	1864041	-47
166450	432264	-47
604335	34931	-47
224900	406702	-47
165300	1833809	-47
604348	1858496	-47
610951	1838571	-47
610954	1970431	-47
611556	1969054	-47
260400	272170	-47
611561	1969052	-47
610978	1970269	-47
222765	1857242	-47
235700	472792	-47
610968	1970413	-47
610967	1970414	-47
259050	796121	-47
604302	1858558	-47
611588	1969040	-47
244200	162809	-47
169150	1868569	-47
222748	342803	-47
234280	1856197	-47
610878	1970483	-47
162100	1834304	-47
235730	1856113	-47
222730	1857253	-47
125490	205730	-47
610896	1970479	-47
164280	796068	-47
235760	1856110	-47
133780	1851402	-47
113000	1862112	-47
267760	1849408	-47
222700	268647	-47
233500	345382	-47
259100	2678441	-47
260370	1850096	-47
160010	1834567	-47
230200	268155	-47
267750	1849409	-47
271245	1849096	-47
130700	1851718	-47
601927	2677167	-47
313480	1839238	-47
161050	406443	-47
310200	13264	-47
156810	1834929	-47
234200	18523	-47
608716	1837501	-47
608709	220989	-47
600072	206042	-47
155310	1864996	-47
201300	751540	-47
608747	1837475	-47
170600	268445	-47
601952	1866029	-47
201310	1860089	-47
125420	1527284	-47
156830	1834928	-47
311300	2748918	-47
600093	1838653	-47
133701	1851413	-47
608768	1837454	-47
161000	343111	-47
268800	36161	-47
601954	1866008	-47
164200	812437	-47
130720	1851710	-47
608782	1837429	-47
600060	1838701	-47
601977	1865987	-47
601979	1865986	-47
130710	265797	-47
164220	1834038	-47
169100	1868570	-47
600057	1838703	-47
600059	1838702	-47
611431	1969623	-47
272700	266039	-47
108110	2931264	-47
245400	1968669	-47
608799	1837396	-47
261900	263491	-47
108145	1862472	-47
604498	1327915	-47
603373	1863959	-47
271220	751335	-47
258040	1850321	-47
604474	1858340	-47
238600	1706413	-47
314600	265239	-47
603358	1864002	-47
612956	2751829	-47
612953	2751842	-47
612943	2751986	-47
612947	2751870	-47
612949	2751855	-47
260300	1850100	-47
612952	2749659	-47
612934	2752015	-47
612932	2752027	-47
604432	1858351	-47
158280	26603	-47
603387	1863924	-47
612940	2751987	-47
245480	398744	-47
612921	2752041	-47
611489	1969107	-47
603396	1863918	-47
612997	2751811	-47
159700	1834580	-47
604416	1858361	-47
272750	268275	-47
312530	35305	-47
612989	2751812	-47
140000	1841679	-47
610832	1835817	-47
612975	751509	-47
275630	268238	-47
109650	4943	-47
235800	220992	-47
611452	1969620	-47
612965	2751824	-47
244300	796005	-47
158250	1834741	-47
604400	1858379	-47
191100	1854465	-47
610773	1835845	-47
610765	1835851	-47
610768	1835849	-47
125370	751781	-47
222600	1857255	-47
162000	268113	-47
236400	431800	-47
235830	1856097	-47
601885	1866078	-47
610755	1970712	-47
230350	751161	-47
201470	342783	-47
201475	342784	-47
163200	265318	-47
201460	220711	-47
608807	1837342	-47
608808	1837341	-47
191150	398741	-47
608809	1837329	-47
259200	175756	-47
608810	1837317	-47
608811	1837316	-47
201450	220710	-47
125350	1852222	-47
310370	751778	-47
608800	1837371	-47
234350	241913	-47
608804	1837355	-47
308350	2931919	-47
230300	235660	-47
610799	1970686	-47
601829	1866168	-47
310300	751337	-47
147250	1840235	-47
601813	1866176	-47
164300	270952	-47
601820	2931834	-47
601803	265449	-47
201400	342388	-47
601800	2677190	-47
125310	751587	-47
236450	1856054	-47
601809	1866184	-47
608840	1837229	-47
301900	265339	-47
170500	2930895	-47
608837	1837245	-47
311450	796110	-47
148730	1835650	-47
237900	270210	-47
601868	1866095	-47
268900	268563	-47
608890	1837203	-47
601859	1866119	-47
608898	1837174	-47
601847	1866138	-47
258100	1306122	-47
601853	795959	-47
271150	1838230	-47
301950	1844918	-47
232220	268146	-47
276800	268484	-47
271550	432222	-47
148800	432126	-47
611717	2673649	-47
302960	2931843	-47
600204	1838429	-47
245590	1855548	-47
232240	342750	-47
276822	1848649	-47
164500	752125	-47
148820	79661	-47
603003	1257797	-47
238970	268540	-47
103100	1519	-47
600224	752123	-47
271510	1300260	-47
611775	2936917	-47
611773	2673195	-47
611771	2673196	-47
530000	2931928	-47
271520	1849069	-47
109500	1862299	-47
271530	1849055	-47
166600	29454	-47
245550	1855551	-47
611788	2673186	-47
245552	1855550	-47
600252	796020	-47
600251	1838348	-47
611777	2673193	-47
600263	1838332	-47
276880	268514	-47
600269	1838328	-47
600268	1838329	-47
610713	1853137	-47
610717	1853136	-47
612852	2748507	-47
603075	1864205	-47
612843	2748527	-47
604536	1858302	-47
604537	1858301	-47
302905	1844862	-47
610738	1853118	-47
610733	1853120	-47
272620	686347	-47
612874	2752073	-47
612867	2748503	-47
612868	2748502	-47
610725	1853124	-47
306000	1844412	-47
603034	1864233	-47
604563	1858278	-47
603041	872218	-47
612840	2748536	-47
603047	4106	-47
603045	1864217	-47
302950	1844853	-47
162400	20071	-47
156620	796062	-47
124100	4698	-47
235510	340834	-47
608911	220723	-47
156610	473586	-47
260130	1850103	-47
300705	796238	-47
300707	2678045	-47
308230	398689	-47
610680	1853187	-47
610688	1853153	-47
608940	1837073	-47
236700	948368	-47
308240	1868674	-47
608930	1837122	-47
235550	1856128	-47
612918	2752042	-47
229120	795944	-47
267500	272167	-47
610629	1857719	-47
610628	1857720	-47
610623	1864567	-47
601776	1866294	-47
601759	1866339	-47
229100	268609	-47
236750	455988	-47
312170	1839413	-47
162350	1834207	-47
308200	1839989	-47
300755	241932	-47
610651	268136	-47
300751	221018	-47
308205	1839988	-47
601777	1866293	-47
601780	1866283	-47
235500	20807	-47
133540	751038	-47
600274	2718305	-47
601718	1866422	-47
608996	1837008	-47
236792	1855995	-47
236795	342737	-47
103050	268126	-47
148840	206085	-47
608967	2674127	-47
222900	1283620	-47
611808	2678494	-47
611809	2678493	-47
164400	752120	-47
611804	2678497	-47
601709	1866423	-47
608980	2750433	-47
611818	2678485	-47
611816	2678486	-47
601701	1866427	-47
601700	1866428	-47
601707	795915	-47
611812	2678492	-47
601706	1866425	-47
601705	1866426	-47
230400	268151	-47
237800	221021	-47
169300	16842	-47
276904	1848604	-47
276902	1568248	-47
276901	1848634	-47
276950	1848599	-47
603133	1864183	-47
103200	1529	-47
600132	1838603	-47
108340	1862463	-47
600138	1838601	-47
245660	1328355	-47
600142	1838577	-47
612794	2748552	-47
600143	1838570	-47
600145	1838569	-47
245650	1855535	-47
600105	1838648	-47
166700	265514	-47
612780	2748572	-47
612781	2748571	-47
600110	1838644	-47
600116	1868675	-47
176000	311292	-47
600118	1838625	-47
600121	1838612	-47
610618	1857728	-47
610612	1857743	-47
610600	268293	-47
312300	268301	-47
142946	1840528	-47
612736	574080	-47
142945	1840529	-47
612726	795969	-47
229045	206067	-47
604690	1858182	-47
159900	1834570	-47
612718	2675179	-47
233450	403529	-47
612716	268468	-47
229050	342705	-47
603174	1864154	-47
612703	2675187	-47
612702	2675188	-47
603147	1864178	-47
302800	393808	-47
142900	265264	-47
229070	1856716	-47
200100	744	-47
314380	1839116	-47
272460	1848934	-47
147421	238190	-47
300602	2931130	-47
191390	2674051	-47
300600	268505	-47
545000	162672	-47
300607	1845102	-47
260000	268165	-47
260005	268525	-47
610549	271690	-47
308100	2720163	-47
162260	1834230	-47
272440	795940	-47
160120	1834559	-47
162270	220695	-47
601680	1834523	-47
101000	2931896	-47
275900	393559	-47
604622	1858211	-47
300635	1845076	-47
601675	1866504	-47
300630	1845078	-47
610536	1864652	-47
236640	1856052	-47
236635	265216	-47
300643	1845070	-47
162210	1834235	-47
610508	1864839	-47
300619	1845094	-47
601650	1866552	-47
300612	796272	-47
259420	268362	-47
601634	1866558	-47
300622	272137	-47
300623	1839780	-47
300624	2749126	-47
601631	1866561	-47
130600	1851741	-47
307000	265216	-47
137940	1841989	-47
147060	2936739	-47
236680	1856016	-47
266100	1849508	-47
137950	403557	-47
300695	2678061	-47
601616	1866608	-47
170700	220659	-47
234500	18609	-47
601608	1866619	-47
300661	1970827	-47
245600	1855536	-47
200150	393576	-47
236660	1856051	-47
147480	268318	-47
223900	13364	-47
307030	268418	-47
232300	17921	-47
266130	398746	-47
169400	30779	-47
234580	1856186	-47
611702	2673686	-47
266140	520739	-47
300696	2678055	-47
236690	20258	-47
156700	1834935	-47
266150	34341	-47
133600	877431	-47
600195	1838437	-47
200110	1860224	-47
230500	268271	-47
610599	1864621	-47
258480	432219	-47
169550	1868508	-47
262890	796149	-47
305100	162359	-47
167320	1833662	-47
208870	796056	-47
258450	1850303	-47
173000	31925	-47
136680	950122	-47
309480	1839801	-47
274600	271829	-47
206700	431401	-47
101120	1275079	-47
135580	1851111	-47
118100	1861689	-47
208850	796045	-47
100050	175701	-47
609823	1853276	-47
272350	1802405	-47
309400	22716	-47
105570	1862934	-47
113470	1862084	-47
125000	2607947	-47
135550	1851112	-47
113477	1862082	-47
609808	1853298	-47
609813	1853296	-47
609812	1853297	-47
609814	398777	-47
178400	340552	-47
272430	1848947	-47
227150	268423	-47
127200	265349	-47
263510	432197	-47
208900	1876175	-47
223000	268179	-47
105650	2931850	-47
263520	24507	-47
104510	1863012	-47
263530	36069	-47
609796	1853354	-47
104500	399368	-47
226000	14117	-47
274500	1291299	-47
263570	1849722	-47
177350	406561	-47
608203	1842398	-47
104530	399367	-47
265950	266159	-47
257300	1850343	-47
608257	1842349	-47
260800	268162	-47
169500	1868512	-47
257320	796089	-47
608233	1842362	-47
213400	7761	-47
113310	1862100	-47
136760	1876203	-47
113300	1862102	-47
305000	1148551	-47
212360	1859316	-47
230740	406723	-47
164750	795690	-47
167400	1833661	-47
134500	19069	-47
212350	1859317	-47
230750	265706	-47
100100	33770	-47
174050	158683	-47
168900	8475	-47
119300	175697	-47
312080	205711	-47
608415	1842073	-47
259610	1850143	-47
259600	1850155	-47
185120	1861448	-47
101200	1863390	-47
224400	432209	-47
312060	1839454	-47
206600	3028	-47
157950	2931182	-47
118200	270912	-47
303650	266190	-47
309583	796160	-47
309580	796003	-47
258501	574084	-47
157980	1834759	-47
118220	270911	-47
609990	1864943	-47
235400	1856143	-47
309520	796022	-47
272200	1720864	-47
609923	1835923	-47
609924	1835922	-47
309510	796250	-47
236800	268474	-47
309549	796215	-47
228990	271257	-47
309541	796208	-47
263700	162530	-47
127000	265291	-47
259680	410422	-47
609942	1860991	-47
609945	1864965	-47
178550	20807	-47
186750	1861296	-47
261500	1850000	-47
608390	2931826	-47
608393	1842109	-47
263610	1849720	-47
105565	1862935	-47
303700	339537	-47
272300	2931746	-47
108500	1720416	-47
309500	796135	-47
105500	543859	-47
227090	1856898	-47
261540	796012	-47
609887	1835933	-47
256300	403399	-47
263650	1849718	-47
274400	1848805	-47
249100	31069	-47
170100	268532	-47
608328	1869115	-47
608323	1842237	-47
608320	1842247	-47
111130	1862216	-47
230800	1961835	-47
220150	473219	-47
227010	1856899	-47
313200	2931395	-47
608361	1842149	-47
178500	1960051	-47
608354	2675370	-47
220110	268237	-47
220111	1857355	-47
219200	268355	-47
608380	1842127	-47
169600	85106	-47
608389	1842124	-47
220120	1291386	-47
220100	10691	-47
169610	1868502	-47
256370	268747	-47
259710	1850126	-47
262650	1849779	-47
259730	345407	-47
258200	1850320	-47
608540	1837896	-47
177170	410538	-47
227400	15499	-47
608518	796100	-47
259750	264080	-47
104290	338488	-47
185450	1861438	-47
202700	1859966	-47
219150	268354	-47
134610	1851347	-47
136880	1405854	-47
185480	796204	-47
305350	1844589	-47
220210	796137	-47
220219	1857352	-47
113200	220664	-47
168605	1868594	-47
168600	30567	-47
168601	1868596	-47
272100	7795	-47
234000	15526	-47
206900	1859773	-47
186570	1861305	-47
135300	399440	-47
309640	1839727	-47
186550	1861313	-47
224750	1857069	-47
609620	1865020	-47
609621	1865019	-47
609622	1865018	-47
609628	1864997	-47
609629	1864996	-47
174310	1868117	-47
305300	14117	-47
272150	406726	-47
186580	1861303	-47
108900	1862388	-47
234050	1961117	-47
609638	1864826	-47
259770	432252	-47
261550	1849930	-47
609634	1864987	-47
259775	1850106	-47
175900	1867981	-47
272120	38644	-47
263800	2930816	-47
261575	1849928	-47
306400	1844376	-47
602083	1865885	-47
602080	29401	-47
602088	1865872	-47
261630	268465	-47
133100	1851490	-47
602071	1865923	-47
602078	1865915	-47
602079	342739	-47
609549	1836006	-47
228900	1856738	-47
261640	878676	-47
609545	1836007	-47
609536	343047	-47
609535	1836026	-47
609537	1836022	-47
609533	1836027	-47
228930	1856728	-47
609528	1836033	-47
260650	1850052	-47
228960	1856719	-47
609597	1865044	-47
260660	1850040	-47
163400	432231	-47
535000	917796	-47
261600	2678416	-47
263750	265257	-47
256000	2931891	-47
602092	1865870	-47
602093	1865869	-47
274300	242604	-47
178600	152171	-47
170400	238358	-47
133190	1851481	-47
220220	1857351	-47
608484	1837970	-47
219100	268351	-47
305390	1844579	-47
256030	1850569	-47
178610	1867419	-47
608470	339278	-47
136830	1850954	-47
104310	1863051	-47
257500	31880	-47
105835	1739384	-47
177100	1867499	-47
608456	1837991	-47
608454	1838009	-47
104300	1863052	-47
256050	1850555	-47
602036	1865950	-47
227300	1856883	-47
608443	1838023	-47
260600	1850053	-47
227330	1856871	-47
185500	3499	-47
136800	1850959	-47
602014	1865974	-47
230900	268250	-47
212160	1859318	-47
265900	265294	-47
305200	268341	-47
224690	1868684	-47
134780	265263	-47
235255	1856159	-47
608637	1837657	-47
225750	2749659	-47
608643	1291564	-47
608641	1837640	-47
118005	1861693	-47
608649	1837610	-47
212140	342788	-47
134750	15773	-47
608654	20075	-47
175800	949506	-47
302350	796085	-47
212135	1859327	-47
258315	1850318	-47
119550	795898	-47
207900	268547	-47
258320	1850317	-47
212120	796083	-47
175860	1867982	-47
102900	1863224	-47
109900	339085	-47
212112	796031	-47
212110	7193	-47
608600	1720859	-47
104130	1863090	-47
608612	1837756	-47
608611	1291609	-47
234100	18522	-47
219000	265233	-47
608629	1837713	-47
258360	1850316	-47
608627	1837728	-47
113100	1862103	-47
302380	1844887	-47
101400	175699	-47
260470	38522	-47
609706	1864746	-47
221400	1857338	-47
208920	1859598	-47
119580	1861536	-47
202650	1876185	-47
133200	1851480	-47
610984	1733	-47
225790	1856972	-47
202660	1859967	-47
610992	1970253	-47
225753	1856974	-47
219095	1857449	-47
219080	1857451	-47
261670	268149	-47
174200	1868120	-47
113900	2931045	-47
609655	1864784	-47
174300	1868118	-47
260530	1850079	-47
609643	1864823	-47
609640	1864825	-47
228800	494949	-47
133240	341137	-47
256120	1850553	-47
260565	1850055	-47
609698	1864761	-47
108720	265283	-47
227280	795936	-47
261740	1849813	-47
256100	1855681	-47
265880	1849523	-47
260540	1850077	-47
227260	1744559	-47
170390	1563715	-47
265850	1849524	-47
109820	156273	-47
608594	1720862	-47
177200	221043	-47
175780	1867983	-47
256150	268232	-47
104200	1567743	-47
119600	8928	-47
171480	1868390	-47
608567	1837845	-47
608569	1837839	-47
313400	220776	-47
608565	1837857	-47
212070	398782	-47
274265	1848812	-47
274270	1959620	-47
227200	1856897	-47
608585	1837810	-47
136900	1850938	-47
212050	1859353	-47
262850	2752081	-47
608572	1837822	-47
608571	1837830	-47
265800	238402	-47
212067	349655	-47
212065	349653	-47
212066	349654	-47
258865	796102	-47
184200	38016	-47
251950	1855033	-47
112310	432201	-47
168400	1868616	-47
112300	457014	-47
177800	155300	-47
303350	795953	-47
258840	1850268	-47
601104	38868	-47
251945	1855034	-47
157640	1834847	-47
258860	406727	-47
112350	1862172	-47
258850	406726	-47
301200	1845052	-47
224120	271933	-47
128000	1851955	-47
300100	2931920	-47
251900	162670	-47
262400	342573	-47
123150	795998	-47
123155	1852488	-47
213700	238052	-47
119650	1861515	-47
178900	271130	-47
227650	1856796	-47
175700	265306	-47
207800	268548	-47
602271	1865695	-47
300088	1848137	-47
300087	1848138	-47
300069	1848174	-47
207720	520680	-47
135900	265338	-47
300071	1848172	-47
300073	1848171	-47
180730	1867147	-47
207731	1859753	-47
300068	39585	-47
262500	271568	-47
300067	1848201	-47
113800	79153	-47
300049	1848213	-47
300055	1968551	-47
134000	1851400	-47
266600	678202	-47
180750	1867146	-47
602248	221011	-47
265500	1956257	-47
580000	1838854	-47
300029	1845667	-47
224050	394006	-47
609363	266481	-47
207770	795952	-47
300018	1848296	-47
259900	268164	-47
601144	1142166	-47
609352	1836284	-47
177750	432346	-47
601154	1832680	-47
601152	393807	-47
118610	1861580	-47
214800	265354	-47
118600	856830	-47
206200	85576	-47
250100	2713319	-47
609307	1836383	-47
609304	270855	-47
303400	1844831	-47
609308	1836373	-47
156000	25281	-47
601187	796046	-47
601186	1832661	-47
609311	1836336	-47
601195	268063	-47
601163	1832668	-47
180700	265205	-47
309801	796070	-47
177735	1449842	-47
226440	1856969	-47
212750	1859310	-47
184100	1866717	-47
168550	1868597	-47
251850	341306	-47
305400	175701	-47
143890	745103	-47
143880	268080	-47
609515	1836074	-47
212720	796037	-47
551200	1838875	-47
228550	432284	-47
609508	1836081	-47
177900	1867449	-47
212790	1859308	-47
186200	1861355	-47
168500	1868599	-47
274900	342196	-47
118650	1442935	-47
251800	1855050	-47
228520	265282	-47
176700	266075	-47
212780	1859309	-47
112240	1862178	-47
261000	1394891	-47
252900	86647	-47
300000	2936904	-47
306950	1844025	-47
300009	1848336	-47
229600	16751	-47
306955	1844020	-47
102700	1863236	-47
225500	13903	-47
306960	1844019	-47
252940	86650	-47
273400	406723	-47
305450	220769	-47
252930	86649	-47
252920	86648	-47
269920	2930923	-47
269921	2931471	-47
207600	39263	-47
601085	1832814	-47
601096	1832800	-47
601098	270913	-47
173450	1868256	-47
602152	1865794	-47
180849	35934	-47
279000	340037	-47
229700	16756	-47
223320	1857228	-47
173400	1868263	-47
602111	1865832	-47
184095	1300264	-47
602107	1865856	-47
167030	1833683	-47
180870	265248	-47
301000	43194	-47
609446	1836173	-47
223360	342687	-47
601001	1832926	-47
601005	1832916	-47
601003	1832918	-47
601004	1832917	-47
174500	1969369	-47
223370	175691	-47
223340	1857226	-47
609464	1836122	-47
609465	1836121	-47
108985	1862382	-47
609460	1836123	-47
176620	1867771	-47
127550	1851970	-47
228600	406578	-47
301040	1845055	-47
226350	264005	-47
133020	14805	-47
176690	1261128	-47
177820	1280798	-47
601067	1832845	-47
180800	205713	-47
251750	1562061	-47
133000	1851502	-47
301050	1567742	-47
118700	393584	-47
601076	1832817	-47
176670	33300	-47
601072	1832827	-47
601075	1832826	-47
601071	1832828	-47
118300	1861669	-47
603802	1863516	-47
302060	574083	-47
274800	342195	-47
613319	2750076	-47
302045	13264	-47
613329	2750067	-47
613327	2750069	-47
613330	2750066	-47
225410	2700425	-47
185050	32197	-47
301410	1845026	-47
226300	33680	-47
225400	268342	-47
218000	795950	-47
103920	4031	-47
186100	1861366	-47
265380	31190	-47
224300	432262	-47
179700	1867339	-47
118330	267034	-47
261100	1306856	-47
103900	1260386	-47
185000	1861455	-47
603896	2931489	-47
602400	1865595	-47
113650	2936782	-47
273750	2678312	-47
185020	1861453	-47
106995	1862841	-47
273740	1848863	-47
113620	376524	-47
603860	1859040	-47
273730	1848864	-47
602440	1865384	-47
602433	1865409	-47
302030	1863351	-47
227810	268150	-47
227850	151638	-47
603830	1859063	-47
100200	1847523	-47
603829	2751898	-47
603828	1859069	-47
602418	1865566	-47
603813	1863512	-47
113670	2676048	-47
175500	282207	-47
306900	8533	-47
608013	1842704	-47
602471	1865361	-47
207500	3466	-47
609141	1836724	-47
602473	1865349	-47
269880	878684	-47
174800	242292	-47
602481	1865323	-47
602482	2678503	-47
609152	1836706	-47
602450	1865372	-47
602459	1865366	-47
609135	2874	-47
609136	1836727	-47
119915	1861513	-47
163800	1834144	-47
269840	1849236	-47
119900	1861514	-47
113610	1862071	-47
609192	2931764	-47
102400	917990	-47
134200	1851399	-47
609164	1836682	-47
609166	1836673	-47
269870	1849235	-47
602497	1865288	-47
609161	1836694	-47
269860	432198	-47
180920	1867060	-47
218040	1968782	-47
608097	1842563	-47
608099	1842550	-47
127400	406775	-47
257150	1850380	-47
135700	1851102	-47
112500	1862151	-47
303600	265252	-47
129400	1785148	-47
266810	1849439	-47
608063	1842614	-47
608068	85077	-47
265300	1849554	-47
608030	1842675	-47
180900	796140	-47
218090	1857532	-47
603903	2895	-47
118400	8029	-47
301310	1845028	-47
212550	1859311	-47
613205	2750785	-47
228300	271582	-47
305600	16395	-47
118420	750929	-47
225320	1857034	-47
118430	1861630	-47
212540	1859312	-47
305620	265293	-47
200995	1860157	-47
176920	1867610	-47
129200	406707	-47
551000	1838876	-47
179830	268435	-47
225310	1857038	-47
226200	268416	-47
274700	342194	-47
118450	2930797	-47
168300	1868619	-47
186000	1861367	-47
123000	1852502	-47
179800	2931885	-47
167210	1721007	-47
167200	1706595	-47
262300	1849792	-47
269700	1720863	-47
167220	1833676	-47
179850	406811	-47
228355	342200	-47
179840	1867332	-47
140700	700299	-47
173100	271567	-47
158810	1834674	-47
262350	796117	-47
229850	220730	-47
603965	1858915	-47
224230	1857144	-47
608115	85083	-47
609242	1836522	-47
257200	268242	-47
174700	1868112	-47
260920	398691	-47
602342	1865644	-47
602347	1865643	-47
207410	265307	-47
602340	1865645	-47
608133	1842475	-47
260910	263506	-47
171000	30848	-47
608149	1842466	-47
260900	1850039	-47
602361	1865639	-47
173200	32027	-47
609289	1836438	-47
609285	1836447	-47
609284	1836448	-47
102500	917715	-47
260950	266929	-47
602390	268060	-47
608104	1842539	-47
101800	220659	-47
613291	2750087	-47
266910	1849438	-47
174770	1868090	-47
163955	1834120	-47
104600	271556	-47
266900	403553	-47
200950	268410	-47
307800	733682	-47
265450	34091	-47
225280	1857041	-47
200980	1860166	-47
265430	456891	-47
257270	1850362	-47
150900	23321	-47
200970	1860167	-47
214700	267662	-47
226150	14356	-47
101840	1863343	-47
613254	1860707	-47
608156	1842464	-47
608161	1842914	-47
308940	1839884	-47
177650	206368	-47
613237	2750475	-47
609227	1836573	-47
257220	220756	-47
609222	2674987	-47
223100	268181	-47
608180	1842422	-47
266920	1849437	-47
608184	1842413	-47
613223	2750734	-47
613224	2750732	-47
613217	2750737	-47
608189	1842402	-47
